0.5143659307165308
0.23283420847557645
0.3987728189526496
0.14691051273830924
0.33808396939606544
0.16445685653645536
0.2004788043026221
0.7153470430757796
0.9383400022669367
0.5536026058194164
0.13058213677350283
0.7249353024277891
0.00495864796330403
0.7709455784811848
0.9919492223751403
0.1883694619340377
0.3270426337751353
0.9564791649832127
0.12588846378829988
0.8533080911211687
0.020368466128415363
0.7168302653775941
0.9422388795125488
0.5762408069059443
0.06934317577452875
0.1273459071265427
0.6678436005705435
0.6916941646021284
0.4484450478500228
0.059002433306581614
0.746788232549602
0.3348154745102422
0.9952978599485457
0.6089760736133134
0.4986355340319317
0.3247865493750006
0.8960051242835276
0.20375328887527722
0.09499030408974052
0.39718410901306733
0.11309691121557597
0.764948104172409
0.6500785579486956
0.28531723005214793
0.33741868980264555
0.18053261020567934
0.2376278589313734
0.393736619120754
0.07751796020280532
0.20797609609352496
0.9441865513296086
0.581523908253811
0.3135615840210264
0.8508272981324253
0.6481214788451254
0.8786342592381987
0.7375420045373444
0.19656296354992098
0.073885175972352
0.7954785938239979
0.9775090406776349
0.681065751508847
0.8127452153327973
0.2540963899561668
0.3607883052187857
0.7538825645685983
0.424019786460338
0.0686842632866298
0.7096259731144854
0.9584543881585252
0.4349655351485946
0.33390854943517057
0.38242429513822807
0.5127972010041494
0.042814582978676685
0.041345853993772
0.27471052975982946
0.5786525920313678
0.5890600966523405
0.7375578303289134
0.7762069232608069
0.540916498266464
0.4239401503786756
0.06172180653842352
0.7438472779412548
0.7841921771334244
0.6081727050745807
0.5564022162666733
0.39531148918502557
0.6496041670160869
0.009344668000399459
0.23196234192730902
0.6536258863401221
0.4825478052516565
0.7419603514639427
0.9832795074591676
0.8806044735523137
0.9408386312256694
0.5730060603425479
0.1068410213622717
